{
  "advancedEditorSelectedIdentifier" : "ProjectBrowser",
  "openSceneRelativePaths" : [
    "Immersive.usda",
    "Scene.usda"
  ],
  "recentIdentifiers" : {

  },
  "sceneCameraHistory" : {
    "AF09ED6F-1707-48FD-8720-65B998362C09" : [
      {
        "date" : 794225102.003956,
        "title" : "Untitled",
        "transform" : [
          0.99999875,
          8.539387e-10,
          0.0015630703,
          0,
          0.0010647478,
          0.7321063,
          -0.68118954,
          0,
          -0.0011443406,
          0.6811904,
          0.73210543,
          0,
          0.102777064,
          2.3280869,
          -0.24818921,
          1
        ]
      },
      {
        "date" : 794225077.623937,
        "title" : "Untitled",
        "transform" : [
          0.99854904,
          8.616974e-10,
          0.053849787,
          0,
          0.034417886,
          0.7690852,
          -0.6382188,
          0,
          -0.041415084,
          0.6391462,
          0.76796937,
          0,
          0.6090891,
          6.4880424,
          20.177929,
          1
        ]
      },
      {
        "date" : 794225075.10595,
        "title" : "Untitled",
        "transform" : [
          0.9998593,
          -1.9543833e-10,
          0.016777158,
          0,
          0.0049151853,
          0.9561221,
          -0.29292762,
          0,
          -0.01604101,
          0.29296884,
          0.9559875,
          0,
          0.7068486,
          -0.93525386,
          11.113569,
          1
        ]
      }
    ],
    "D66134B1-3681-4A8E-AFE5-29F257229F3B" : [
      {
        "date" : 794224982.199331,
        "title" : "Untitled",
        "transform" : [
          1,
          0,
          0,
          0,
          0,
          0.7071069,
          -0.70710677,
          0,
          0,
          0.70710677,
          0.7071069,
          0,
          0,
          0.29456663,
          0.29456663,
          1
        ]
      },
      {
        "date" : 794224980.686072,
        "title" : "Untitled",
        "transform" : [
          1,
          0,
          0,
          0,
          0,
          0.7071069,
          -0.70710677,
          0,
          0,
          0.70710677,
          0.7071069,
          0,
          0,
          0.25282207,
          0.25282207,
          1
        ]
      }
    ]
  },
  "sceneViewportBackgroundColors" : {

  },
  "selectedSceneRelativePath" : "Immersive.usda"
}